# This file may be used to create an environment using:
# $ conda create --name <env> --file <this file>
# platform: win-64
asgiref=3.4.1=pyhd8ed1ab_0
attrs=18.2.0=pypi_0
beautifulsoup4=4.9.3=pypi_0
ca-certificates=2021.5.30=h5b45459_0
certifi=2021.5.30=py39hcbf5309_0
charset-normalizer=2.0.4=pypi_0
data=0.4=pypi_0
decorator=5.0.9=pypi_0
django=3.2.6=pyhd8ed1ab_0
django-bootstrap-v5=1.0.5=pypi_0
django-crispy-forms=1.12.0=pyhd8ed1ab_0
django-latex=0.1=pypi_0
django-tex=1.1.9.post1=pypi_0
djatex=0.1.16=pypi_0
docopt=0.6.2=pypi_0
funcsigs=1.0.2=pypi_0
future=0.18.2=pypi_0
gunicorn=20.1.0=pypi_0
idna=3.2=pypi_0
intel-openmp=2021.3.0=h57928b3_3372
jinja2=3.0.1=pypi_0
latex=0.7.0=pypi_0
libblas=3.9.0=10_mkl
libcblas=3.9.0=10_mkl
liblapack=3.9.0=10_mkl
markupsafe=2.0.1=pypi_0
mkl=2021.3.0=hb70f87d_564
numpy=1.21.1=py39h6635163_0
openssl=1.1.1k=h8ffe710_0
ordered-set=4.0.2=pypi_0
pdfkit=0.6.1=pypi_0
pdflatex=0.1.3=pypi_0
pip=21.2.3=pyhd8ed1ab_0
pipreqs=0.4.10=pypi_0
pylatex=1.4.1=pypi_0
pyqrcode=1.2.1=pypi_0
python=3.9.6=h7840368_1_cpython
python_abi=3.9=2_cp39
pytz=2021.1=pyhd8ed1ab_0
requests=2.26.0=pypi_0
setuptools=49.6.0=py39hcbf5309_3
shutilwhich=1.1.0=pypi_0
six=1.16.0=pypi_0
soupsieve=2.2.1=pypi_0
sqlite=3.36.0=h8ffe710_0
sqlparse=0.4.1=pyh9f0ad1d_0
tbb=2021.3.0=h2d74725_0
tempdir=0.7.1=pypi_0
tex=1.8=pypi_0
typing_extensions=3.10.0.0=pyha770c72_0
tzdata=2021a=he74cb21_1
ucrt=10.0.20348.0=h57928b3_0
urllib3=1.26.6=pypi_0
vc=14.2=hb210afc_5
vs2015_runtime=14.29.30037=h902a5da_5
wheel=0.36.2=pyhd3deb0d_0
whitenoise=5.3.0=pypi_0
wincertstore=0.2=py39hcbf5309_1006
yarg=0.1.9=pypi_0
